128
[0.00728235 0.00804172 0.00792805 0.00819789 0.00765707 0.00775365
 0.00796917 0.00791462 0.00889725 0.00839575 0.00780654 0.00805899
 0.00801948 0.00832893 0.00745296 0.00737967 0.00774081 0.00873024
 0.0079412  0.00732651 0.00788284 0.00742588 0.0080378  0.0077544
 0.00832387 0.0079504  0.00715047 0.00768275 0.00739722 0.00748478
 0.0079983  0.00745899 0.00774014 0.00775569 0.00784878 0.00797605
 0.00770703 0.00848617 0.00694387 0.00774011 0.00790629 0.00756042
 0.00779121 0.00772182 0.00782963 0.00728789 0.00697909 0.00840549
 0.00782157 0.00785245 0.00750961 0.00753746 0.00784804 0.00839203
 0.00754424 0.00735777 0.00768683 0.00772767 0.00816589 0.00782917
 0.00780493 0.00769009 0.00787678 0.00741312 0.00759916 0.00779578
 0.00764637 0.0080897  0.00719813 0.00793692 0.00802824 0.00734834
 0.00860286 0.00798827 0.00757429 0.0074497  0.00765891 0.00776644
 0.00764595 0.00785478 0.00791063 0.00742577 0.00769258 0.00734268
 0.00761484 0.00756469 0.00720969 0.00834238 0.00731294 0.00852699
 0.00796514 0.00796437 0.00771812 0.00885827 0.00766814 0.00770432
 0.0079992  0.00732326 0.0076476  0.00791869 0.00738259 0.00787783
 0.00794002 0.00770376 0.0076252  0.00815935 0.00829152 0.00836855
 0.00846177 0.00749667 0.00761    0.00760563 0.00776348 0.00751605
 0.00870576 0.00788247 0.00767699 0.00830538 0.00761082 0.00754194
 0.0085885  0.0070781  0.00789997 0.00775385 0.00834806 0.00762781
 0.00847976 0.0076962 ]
