[[ 63]
 [123]
 [108]
 [ 86]
 [ 67]
 [ 62]
 [ 60]
 [111]
 [  5]
 [121]
 [ 77]
 [127]
 [ 89]
 [ 43]
 [  9]
 [107]
 [113]
 [ 58]
 [  8]
 [ 14]
 [ 97]
 [ 96]
 [ 10]
 [106]
 [ 46]
 [116]
 [125]
 [ 55]
 [ 52]
 [ 59]
 [ 64]
 [ 17]
 [ 85]
 [ 54]
 [ 21]
 [118]
 [ 11]
 [ 56]
 [ 92]
 [ 75]
 [ 99]
 [ 41]
 [ 19]
 [ 22]
 [ 48]
 [  7]
 [ 88]
 [ 90]
 [  1]
 [ 81]
 [ 44]
 [ 93]
 [ 20]
 [ 30]
 [ 87]
 [ 95]
 [ 24]
 [ 71]
 [ 18]
 [  0]
 [ 23]
 [ 61]
 [102]
 [ 91]
 [ 69]
 [104]
 [115]
 [120]
 [117]
 [105]
 [ 50]
 [ 31]
 [ 28]
 [ 94]
 [ 47]
 [109]
 [110]
 [ 49]
 [101]
 [ 13]
 [124]
 [ 38]
 [ 36]
 [ 74]
 [ 65]
 [ 32]
 [112]
 [ 37]
 [ 12]
 [ 45]
 [114]
 [122]
 [100]
 [ 51]
 [103]
 [ 15]
 [ 78]
 [ 57]
 [  2]
 [ 33]
 [ 29]
 [ 79]
 [ 82]
 [ 39]
 [ 26]
 [  3]
 [ 80]
 [ 98]
 [119]
 [ 34]
 [ 35]
 [ 76]
 [126]
 [ 16]
 [ 42]
 [ 40]
 [ 73]
 [ 27]
 [  6]
 [ 25]
 [ 84]
 [ 83]
 [  4]
 [ 53]
 [ 68]
 [ 72]
 [ 66]
 [ 70]]
